          48
        1896
        1900
        1897
        1882
        1870
        1866
        1865
        1848
        1820
        1796
        1769
        1720
        1711
        1677
        1679
        1660
        1600
        1569
        1531
        1526
        1462
        1459
        1398
        1335
        1304
        1232
        1172
        1138
        1105
        1093
        1058
        1019
         947
         876
         810
         710
         646
         576
         470
         433
         324
         257
         171
         105
          52
          13
           1
          15
