Rodderberg 20140208  17 Februar 2014
# Name Osten Norden Ellipsoidische Höhe
2001 32372064.554  5611535.235    224.695
BMOBIB14 32372064.722  5611535.017    223.755
3001 32372064.525  5611535.433    224.200
3002 32372064.523  5611535.429    224.202
3003 32372120.252  5611589.668    209.274
3004 32372119.056  5611588.143    209.555
3005 32372117.960  5611586.504    209.938
3006 32372116.770  5611584.970    210.392
3007 32372115.507  5611583.516    210.812
3008 32372114.323  5611582.056    211.262
3009 32372113.235  5611580.350    211.793
3010 32372111.860  5611578.999    212.299
3011 32372110.810  5611577.388    212.755
3012 32372109.626  5611575.914    213.264
3013 32372108.403  5611574.409    213.776
3014 32372107.200  5611572.938    214.295
3015 32372105.901  5611571.465    214.780
3016 32372104.762  5611569.911    215.268
3017 32372103.515  5611568.415    215.788
3018 32372102.271  5611566.921    216.248
3019 32372101.074  5611565.390    216.701
3020 32372099.840  5611563.825    217.151
3021 32372098.571  5611562.384    217.578
3022 32372097.095  5611561.031    217.954
3023 32372096.071  5611559.382    218.403
3024 32372064.526  5611535.433    224.201
3025 32372094.612  5611558.048    218.641
3026 32372093.447  5611556.457    219.169
3027 32372092.026  5611555.179    219.489
3028 32372090.863  5611553.606    219.521
3029 32372089.626  5611552.051    219.877
3030 32372088.470  5611550.433    220.211
3031 32372087.440  5611549.084    221.056
3032 32372086.233  5611547.760    221.957
3033 32372084.692  5611546.603    222.458
3034 32372083.680  5611544.989    223.042
3035 32372082.314  5611543.535    223.413
3036 32372080.944  5611542.085    223.629
3037 32372079.557  5611540.758    223.610
3038 32372077.965  5611539.456    223.616
3039 32372076.604  5611538.028    223.526
3040 32372075.081  5611536.615    223.729
3041 32372073.682  5611535.230    223.826
3042 32372072.092  5611534.039    223.903
3043 32372070.605  5611532.691    224.126
3044 32372069.107  5611531.418    224.362
3045 32372067.656  5611530.112    224.607
3046 32372066.193  5611528.763    224.490
3047 32372064.665  5611527.432    224.368
3048 32372063.275  5611526.118    224.127
3049 32372061.810  5611524.773    223.613
3050 32372060.255  5611523.471    223.120
3051 32372058.832  5611522.298    222.831
3052 32372130.820  5611517.274    225.019
3053 32372093.761  5611551.273    219.787
3054 32372110.076  5611540.572    221.328
3055 32372139.858  5611579.153    210.103
3056 32372190.115  5611619.381    205.159
3057 32372154.537  5611507.271    226.570
3058 32372205.498  5611512.769    226.200
3059 32372204.817  5611513.485    225.940
3060 32372204.223  5611514.186    225.629
3061 32372203.478  5611514.856    225.391
3062 32372202.849  5611515.581    225.100
3063 32372202.116  5611516.218    224.925
3064 32372201.536  5611516.921    224.584
3065 32372200.817  5611517.622    224.378
3066 32372200.102  5611518.319    224.122
3067 32372199.431  5611519.018    223.897
3068 32372198.755  5611519.677    223.703
3069 32372200.040  5611518.364    224.120
3070 32372198.092  5611520.344    223.484
3071 32372197.392  5611521.009    223.254
3072 32372196.666  5611521.673    223.040
3073 32372195.978  5611522.361    222.855
3074 32372195.245  5611522.978    222.679
3075 32372194.489  5611523.631    222.458
3076 32372193.745  5611524.252    222.279
3077 32372192.977  5611524.904    222.107
3078 32372192.302  5611525.577    221.977
3079 32372191.515  5611526.219    221.870
3080 32372190.815  5611526.906    221.625
3081 32372190.113  5611527.528    221.456
3082 32372189.414  5611528.211    221.286
3083 32372188.697  5611528.997    221.094
3084 32372187.981  5611529.581    220.982
3085 32372187.153  5611530.272    220.797
3086 32372186.608  5611531.031    220.624
3087 32372185.751  5611531.621    220.482
3088 32372185.023  5611532.285    220.315
3089 32372184.400  5611533.091    220.110
3090 32372183.558  5611533.626    220.001
3091 32372182.813  5611534.305    219.866
3092 32372182.283  5611535.095    219.676
3093 32372181.459  5611535.653    219.562
3094 32372180.748  5611536.320    219.423
3095 32372179.948  5611536.934    219.320
3096 32372179.397  5611537.746    219.121
3097 32372178.529  5611538.325    219.007
3098 32372177.930  5611539.091    218.845
3099 32372177.226  5611539.790    218.684
3100 32372176.473  5611540.432    218.583
3101 32372175.747  5611541.128    218.436
3102 32372175.037  5611541.777    218.326
3103 32372174.142  5611542.359    218.256
3104 32372173.609  5611543.139    218.063
3105 32372172.914  5611543.821    217.909
3106 32372171.928  5611544.426    217.843
3107 32372171.235  5611545.118    217.693
3108 32372064.801  5611534.740    224.661
